x1=0.6666666666666666
x2=-1.3333333333333333
x3=-0.6666666666666666
