x[1]=-0.4166666666666667
x[2]=-0.8333333333333334
x[3]=2.0833333333333335
